mgc_rve_context_lcv "MyLibPDK45" "myPPA_4_3" "layout" 2000
mgc_rve_highlight_index 0 "40" "#FFFF0000FFFF"
mgc_rve_layer "metal1"
mp 50 4.3425 1.925 4.6175 1.925 4.6175 1.615 4.6875 1.615 4.6875 1.925 4.7875 1.925 4.7875 1.705 4.8575 1.705 4.8575 1.925 5.4025 1.925 5.4025 1.615 5.4725 1.615 5.4725 1.925 5.5725 1.925 5.5725 1.705 5.6425 1.705 5.6425 1.925 6.18 1.925 6.18 1.615 6.25 1.615 6.25 1.925 6.35 1.925 6.35 1.705 6.42 1.705 6.42 1.925 6.685 1.925 6.685 1.705 6.755 1.705 6.755 1.925 7.085 1.925 7.085 1.705 7.155 1.705 7.155 1.925 7.255 1.925 7.255 1.705 7.325 1.705 7.325 1.925 7.5375 1.925 7.5375 1.92 7.6025 1.92 7.6025 1.61 7.6725 1.61 7.6725 1.92 7.7725 1.92 7.7725 1.61 7.8425 1.61 7.8425 1.92 8.1175 1.92 8.1175 1.99 4.3425 1.99
mr 9.2125 1.7 9.2825 1.84
mgc_rve_layer "metal2"
mp 6 7.7375 1.645 9.2825 1.645 9.2825 1.84 9.2125 1.84 9.2125 1.715 7.7375 1.715
mgc_rve_layer "psrcdrn"
mr 4.5775 1.64 4.6975 1.82
mr 5.3625 1.64 5.4825 1.82
mr 6.14 1.64 6.26 1.82
mr 6.675 1.64 6.795 1.82
mr 7.045 1.64 7.165 1.82
mr 7.7625 1.635 7.8825 1.815
mgc_rve_layer "nsrcdrn"
mr 4.7775 1.73 4.8675 1.82
mr 5.5625 1.73 5.6525 1.82
mr 6.34 1.73 6.43 1.82
mr 7.245 1.73 7.335 1.82
mr 7.5925 1.635 7.6825 1.725
mr 9.2025 1.725 9.2925 1.815
mgc_rve_layer "nsub"
mr 4.3425 1.585 4.9225 1.875
mr 5.1275 1.585 5.7075 1.875
mr 5.905 1.585 6.485 1.875
mr 6.62 1.585 7.39 1.875
mr 7.5375 1.58 8.1175 1.87
mr 9.1475 1.58 9.7275 1.87
mgc_rve_layer "ncont1"
mr 4.7775 1.73 4.8675 1.82
mr 5.5625 1.73 5.6525 1.82
mr 6.34 1.73 6.43 1.82
mr 7.245 1.73 7.335 1.82
mr 7.5925 1.635 7.6825 1.725
mr 9.2025 1.725 9.2925 1.815
mgc_rve_zoom 3.189 1.4925 10.881 2.0775 1
